6.17
6.13
7.37
5.20
6.01
6.70
6.23
7.49
6.36
7.27
5.31
6.53
5.12
7.78
6.62
5.17
8.17
6.41
7.19
6.82
4.81
6.22
6.80
8.16
7.74
7.05
6.06
6.33
6.48
5.77
6.10
7.34
7.38
6.52
7.32
5.09
7.54
6.45
6.75
6.91
6.33
6.22
6.92
5.60
6.19
6.44
5.85
6.65
6.42
5.41
7.61
7.39
6.58
5.40
5.33
6.17
7.02
5.99
6.23
7.04
4.75
6.08
6.77
6.23
6.30
6.37
7.15
7.03
6.59
5.31
6.38
5.12
5.67
5.47
7.26
6.76
7.54
4.70
6.24
6.55
5.51
6.97
7.31
7.50
7.20
7.15
6.08
7.01
6.09
6.18
6.05
5.33
6.77
7.51
5.80
5.94
6.61
6.80
6.66
5.52
